#collision_system: PbPb
#collision_energy: 5020GeV
#particle_type: Charm
#centrality: 30-40%
#xB = 0.6
#event_id: 0
#average_path-lengths: 4.886476, 4.064286, 5.246455
#average_temperatures: 0.209873, 0.207459, 0.210629
#number_of_angles:                25
#total_number_of_trajectories:    1475
#total_number_of_jet_energy_loss: 1398
#-------------------------------------------------------
#   pT [GeV]       phi          R_AA   
  5.0000000000 0.0139581911 0.5147608830
  5.0000000000 0.0733124529 0.5156618321
  5.0000000000 0.1791506681 0.5162420812
  5.0000000000 0.3298923680 0.5063706544
  5.0000000000 0.5232554139 0.4936857737
  5.0000000000 0.7563093307 0.4587065751
  5.0000000000 1.0255214987 0.4180400444
  5.0000000000 1.3268110357 0.3725440716
  5.0000000000 1.6556107474 0.3459973742
  5.0000000000 2.0069363910 0.3515194543
  5.0000000000 2.3754622432 0.3727118929
  5.0000000000 2.7556018379 0.3663233501
  5.0000000000 3.1415926536 0.3908909050
  5.0000000000 3.5275834693 0.3747410633
  5.0000000000 3.9077230639 0.3588154044
  5.0000000000 4.2762489162 0.3467405822
  5.0000000000 4.6275745598 0.3565527980
  5.0000000000 4.9563742715 0.3705320714
  5.0000000000 5.2576638085 0.3945508868
  5.0000000000 5.5268759765 0.4337653786
  5.0000000000 5.7599298933 0.4690792023
  5.0000000000 5.9532929391 0.4968318251
  5.0000000000 6.1040346391 0.5068503813
  5.0000000000 6.2098728543 0.5123363307
  5.0000000000 6.2692271161 0.5125913672
  8.1724137931 0.0139581911 0.4894090551
  8.1724137931 0.0733124529 0.4901958263
  8.1724137931 0.1791506681 0.4906238374
  8.1724137931 0.3298923680 0.4808007306
  8.1724137931 0.5232554139 0.4681024273
  8.1724137931 0.7563093307 0.4355453748
  8.1724137931 1.0255214987 0.3963937251
  8.1724137931 1.3268110357 0.3505008862
  8.1724137931 1.6556107474 0.3242141181
  8.1724137931 2.0069363910 0.3295081685
  8.1724137931 2.3754622432 0.3512356516
  8.1724137931 2.7556018379 0.3446923043
  8.1724137931 3.1415926536 0.3682406115
  8.1724137931 3.5275834693 0.3523108677
  8.1724137931 3.9077230639 0.3374538482
  8.1724137931 4.2762489162 0.3248599311
  8.1724137931 4.6275745598 0.3342289127
  8.1724137931 4.9563742715 0.3474885275
  8.1724137931 5.2576638085 0.3711722455
  8.1724137931 5.5268759765 0.4104298461
  8.1724137931 5.7599298933 0.4448609424
  8.1724137931 5.9532929391 0.4719296242
  8.1724137931 6.1040346391 0.4818280981
  8.1724137931 6.2098728543 0.4871112551
  8.1724137931 6.2692271161 0.4873605465
 11.3448275862 0.0139581911 0.5056402295
 11.3448275862 0.0733124529 0.5064993830
 11.3448275862 0.1791506681 0.5069489468
 11.3448275862 0.3298923680 0.4979391216
 11.3448275862 0.5232554139 0.4856695627
 11.3448275862 0.7563093307 0.4529997618
 11.3448275862 1.0255214987 0.4141645945
 11.3448275862 1.3268110357 0.3691257922
 11.3448275862 1.6556107474 0.3425766534
 11.3448275862 2.0069363910 0.3488884573
 11.3448275862 2.3754622432 0.3700158065
 11.3448275862 2.7556018379 0.3631447118
 11.3448275862 3.1415926536 0.3874491405
 11.3448275862 3.5275834693 0.3704725765
 11.3448275862 3.9077230639 0.3552242943
 11.3448275862 4.2762489162 0.3428874397
 11.3448275862 4.6275745598 0.3518058685
 11.3448275862 4.9563742715 0.3666466480
 11.3448275862 5.2576638085 0.3920058399
 11.3448275862 5.5268759765 0.4312788799
 11.3448275862 5.7599298933 0.4638977919
 11.3448275862 5.9532929391 0.4891638560
 11.3448275862 6.1040346391 0.4983058919
 11.3448275862 6.2098728543 0.5033821089
 11.3448275862 6.2692271161 0.5035680370
 14.5172413793 0.0139581911 0.5297474063
 14.5172413793 0.0733124529 0.5307017339
 14.5172413793 0.1791506681 0.5312239555
 14.5172413793 0.3298923680 0.5231181488
 14.5172413793 0.5232554139 0.5112540171
 14.5172413793 0.7563093307 0.4781568911
 14.5172413793 1.0255214987 0.4396414576
 14.5172413793 1.3268110357 0.3958201991
 14.5172413793 1.6556107474 0.3692474884
 14.5172413793 2.0069363910 0.3765764458
 14.5172413793 2.3754622432 0.3967568144
 14.5172413793 2.7556018379 0.3895605000
 14.5172413793 3.1415926536 0.4148757106
 14.5172413793 3.5275834693 0.3968137951
 14.5172413793 3.9077230639 0.3810690817
 14.5172413793 4.2762489162 0.3689713231
 14.5172413793 4.6275745598 0.3773555303
 14.5172413793 4.9563742715 0.3940698336
 14.5172413793 5.2576638085 0.4211694949
 14.5172413793 5.5268759765 0.4601848528
 14.5172413793 5.7599298933 0.4909533615
 14.5172413793 5.9532929391 0.5143943078
 14.5172413793 6.1040346391 0.5226675030
 14.5172413793 6.2098728543 0.5275283104
 14.5172413793 6.2692271161 0.5276505934
 17.6896551724 0.0139581911 0.5556722983
 17.6896551724 0.0733124529 0.5567147350
 17.6896551724 0.1791506681 0.5572991765
 17.6896551724 0.3298923680 0.5500774826
 17.6896551724 0.5232554139 0.5385388175
 17.6896551724 0.7563093307 0.5049727795
 17.6896551724 1.0255214987 0.4669187875
 17.6896551724 1.3268110357 0.4245251470
 17.6896551724 1.6556107474 0.3981697976
 17.6896551724 2.0069363910 0.4063581111
 17.6896551724 2.3754622432 0.4254631993
 17.6896551724 2.7556018379 0.4179889237
 17.6896551724 3.1415926536 0.4442591038
 17.6896551724 3.5275834693 0.4252464819
 17.6896551724 3.9077230639 0.4090429694
 17.6896551724 4.2762489162 0.3971629895
 17.6896551724 4.6275745598 0.4050053316
 17.6896551724 4.9563742715 0.4234900675
 17.6896551724 5.2576638085 0.4521132308
 17.6896551724 5.5268759765 0.4906725820
 17.6896551724 5.7599298933 0.5196160742
 17.6896551724 5.9532929391 0.5413973461
 17.6896551724 6.1040346391 0.5488493481
 17.6896551724 6.2098728543 0.5535049650
 17.6896551724 6.2692271161 0.5535621599
 20.8620689655 0.0139581911 0.5808544841
 20.8620689655 0.0733124529 0.5819481296
 20.8620689655 0.1791506681 0.5825769454
 20.8620689655 0.3298923680 0.5760323187
 20.8620689655 0.5232554139 0.5647816317
 20.8620689655 0.7563093307 0.5308164515
 20.8620689655 1.0255214987 0.4933045328
 20.8620689655 1.3268110357 0.4524965188
 20.8620689655 1.6556107474 0.4265800020
 20.8620689655 2.0069363910 0.4353480884
 20.8620689655 2.3754622432 0.4533603931
 20.8620689655 2.7556018379 0.4456802864
 20.8620689655 3.1415926536 0.4726762245
 20.8620689655 3.5275834693 0.4530388918
 20.8620689655 3.9077230639 0.4364875492
 20.8620689655 4.2762489162 0.4247828344
 20.8620689655 4.6275745598 0.4321527491
 20.8620689655 4.9563742715 0.4520140032
 20.8620689655 5.2576638085 0.4817440400
 20.8620689655 5.5268759765 0.5197328795
 20.8620689655 5.7599298933 0.5470916934
 20.8620689655 5.9532929391 0.5674936901
 20.8620689655 6.1040346391 0.5742717530
 20.8620689655 6.2098728543 0.5787452108
 20.8620689655 6.2692271161 0.5787477921
 24.0344827586 0.0139581911 0.6033540504
 24.0344827586 0.0733124529 0.6044577614
 24.0344827586 0.1791506681 0.6051145561
 24.0344827586 0.3298923680 0.5990809248
 24.0344827586 0.5232554139 0.5881309480
 24.0344827586 0.7563093307 0.5539572133
 24.0344827586 1.0255214987 0.5172264548
 24.0344827586 1.3268110357 0.4782030977
 24.0344827586 1.6556107474 0.4529606098
 24.0344827586 2.0069363910 0.4620812699
 24.0344827586 2.3754622432 0.4790406506
 24.0344827586 2.7556018379 0.4711741975
 24.0344827586 3.1415926536 0.4986392774
 24.0344827586 3.5275834693 0.4785802719
 24.0344827586 3.9077230639 0.4617794057
 24.0344827586 4.2762489162 0.4503050674
 24.0344827586 4.6275745598 0.4572186274
 24.0344827586 4.9563742715 0.4780420305
 24.0344827586 5.2576638085 0.5085671795
 24.0344827586 5.5268759765 0.5458174727
 24.0344827586 5.7599298933 0.5716229791
 24.0344827586 5.9532929391 0.5907307593
 24.0344827586 6.1040346391 0.5969565041
 24.0344827586 6.2098728543 0.6012837898
 24.0344827586 6.2692271161 0.6012690859
 27.2068965517 0.0139581911 0.6195163952
 27.2068965517 0.0733124529 0.6206098725
 27.2068965517 0.1791506681 0.6212716518
 27.2068965517 0.3298923680 0.6156979687
 27.2068965517 0.5232554139 0.6050432119
 27.2068965517 0.7563093307 0.5712505028
 27.2068965517 1.0255214987 0.5356448900
 27.2068965517 1.3268110357 0.4983310724
 27.2068965517 1.6556107474 0.4738749850
 27.2068965517 2.0069363910 0.4831851996
 27.2068965517 2.3754622432 0.4992266010
 27.2068965517 2.7556018379 0.4912208646
 27.2068965517 3.1415926536 0.5188186369
 27.2068965517 3.5275834693 0.4985592872
 27.2068965517 3.9077230639 0.4818118976
 27.2068965517 4.2762489162 0.4705048269
 27.2068965517 4.6275745598 0.4768785104
 27.2068965517 4.9563742715 0.4982306186
 27.2068965517 5.2576638085 0.5292000178
 27.2068965517 5.5268759765 0.5655987063
 27.2068965517 5.7599298933 0.5897897495
 27.2068965517 5.9532929391 0.6076101178
 27.2068965517 6.1040346391 0.6133351263
 27.2068965517 6.2098728543 0.6175001754
 27.2068965517 6.2692271161 0.6174736228
 30.3793103448 0.0139581911 0.6360436819
 30.3793103448 0.0733124529 0.6371296114
 30.3793103448 0.1791506681 0.6378137003
 30.3793103448 0.3298923680 0.6326432495
 30.3793103448 0.5232554139 0.6222579723
 30.3793103448 0.7563093307 0.5887664173
 30.3793103448 1.0255214987 0.5542324691
 30.3793103448 1.3268110357 0.5186735458
 30.3793103448 1.6556107474 0.4950905680
 30.3793103448 2.0069363910 0.5044832525
 30.3793103448 2.3754622432 0.5195888566
 30.3793103448 2.7556018379 0.5114645732
 30.3793103448 3.1415926536 0.5391768921
 30.3793103448 3.5275834693 0.5188659721
 30.3793103448 3.9077230639 0.5021389746
 30.3793103448 4.2762489162 0.4909838374
 30.3793103448 4.6275745598 0.4968906554
 30.3793103448 4.9563742715 0.5186381723
 30.3793103448 5.2576638085 0.5498544557
 30.3793103448 5.5268759765 0.5853124227
 30.3793103448 5.7599298933 0.6080949298
 30.3793103448 5.9532929391 0.6247692907
 30.3793103448 6.1040346391 0.6300539076
 30.3793103448 6.2098728543 0.6340741707
 30.3793103448 6.2692271161 0.6340464801
 33.5517241379 0.0139581911 0.6514547770
 33.5517241379 0.0733124529 0.6525371228
 33.5517241379 0.1791506681 0.6532384550
 33.5517241379 0.3298923680 0.6484314344
 33.5517241379 0.5232554139 0.6383076185
 33.5517241379 0.7563093307 0.6051229475
 33.5517241379 1.0255214987 0.5715566096
 33.5517241379 1.3268110357 0.5375388571
 33.5517241379 1.6556107474 0.5147298606
 33.5517241379 2.0069363910 0.5241943940
 33.5517241379 2.3754622432 0.5384818726
 33.5517241379 2.7556018379 0.5302851390
 33.5517241379 3.1415926536 0.5580314103
 33.5517241379 3.5275834693 0.5376683062
 33.5517241379 3.9077230639 0.5209904534
 33.5517241379 4.2762489162 0.5100061746
 33.5517241379 4.6275745598 0.5154929081
 33.5517241379 4.9563742715 0.5375847634
 33.5517241379 5.2576638085 0.5689954594
 33.5517241379 5.5268759765 0.6035878259
 33.5517241379 5.7599298933 0.6251008429
 33.5517241379 5.9532929391 0.6407615197
 33.5517241379 6.1040346391 0.6456450987
 33.5517241379 6.2098728543 0.6495356616
 33.5517241379 6.2692271161 0.6494985634
 36.7241379310 0.0139581911 0.6658025709
 36.7241379310 0.0733124529 0.6668760210
 36.7241379310 0.1791506681 0.6675848469
 36.7241379310 0.3298923680 0.6631056454
 36.7241379310 0.5232554139 0.6532018941
 36.7241379310 0.7563093307 0.6203330784
 36.7241379310 1.0255214987 0.5876415571
 36.7241379310 1.3268110357 0.5550061179
 36.7241379310 1.6556107474 0.5329012456
 36.7241379310 2.0069363910 0.5423896212
 36.7241379310 2.3754622432 0.5559243744
 36.7241379310 2.7556018379 0.5477140617
 36.7241379310 3.1415926536 0.5754117473
 36.7241379310 3.5275834693 0.5551084277
 36.7241379310 3.9077230639 0.5385170116
 36.7241379310 4.2762489162 0.5276874783
 36.7241379310 4.6275745598 0.5328167493
 36.7241379310 4.9563742715 0.5551134236
 36.7241379310 5.2576638085 0.5865777544
 36.7241379310 5.5268759765 0.6203550348
 36.7241379310 5.7599298933 0.6408346029
 36.7241379310 5.9532929391 0.6556362936
 36.7241379310 6.1040346391 0.6601734524
 36.7241379310 6.2098728543 0.6639332009
 36.7241379310 6.2692271161 0.6638870569
 39.8965517241 0.0139581911 0.6795835782
 39.8965517241 0.0733124529 0.6806467813
 39.8965517241 0.1791506681 0.6813603373
 39.8965517241 0.3298923680 0.6771507163
 39.8965517241 0.5232554139 0.6674464177
 39.8965517241 0.7563093307 0.6348854633
 39.8965517241 1.0255214987 0.6030148769
 39.8965517241 1.3268110357 0.5717048616
 39.8965517241 1.6556107474 0.5503052692
 39.8965517241 2.0069363910 0.5597519971
 39.8965517241 2.3754622432 0.5725605060
 39.8965517241 2.7556018379 0.5643876353
 39.8965517241 3.1415926536 0.5919727967
 39.8965517241 3.5275834693 0.5718257272
 39.8965517241 3.9077230639 0.5553323971
 39.8965517241 4.2762489162 0.5446573896
 39.8965517241 4.6275745598 0.5494927714
 39.8965517241 4.9563742715 0.5718749874
 39.8965517241 5.2576638085 0.6032435549
 39.8965517241 5.5268759765 0.6361965936
 39.8965517241 5.7599298933 0.6557836658
 39.8965517241 5.9532929391 0.6698720181
 39.8965517241 6.1040346391 0.6741187560
 39.8965517241 6.2098728543 0.6777587237
 39.8965517241 6.2692271161 0.6777097407
 43.0689655172 0.0139581911 0.6916215292
 43.0689655172 0.0733124529 0.6926671352
 43.0689655172 0.1791506681 0.6933829077
 43.0689655172 0.3298923680 0.6893861488
 43.0689655172 0.5232554139 0.6798867511
 43.0689655172 0.7563093307 0.6477039357
 43.0689655172 1.0255214987 0.6166887852
 43.0689655172 1.3268110357 0.5866816631
 43.0689655172 1.6556107474 0.5660165836
 43.0689655172 2.0069363910 0.5753581021
 43.0689655172 2.3754622432 0.5875061868
 43.0689655172 2.7556018379 0.5793607533
 43.0689655172 3.1415926536 0.6067632002
 43.0689655172 3.5275834693 0.5868244948
 43.0689655172 3.9077230639 0.5704674878
 43.0689655172 4.2762489162 0.5599429040
 43.0689655172 4.6275745598 0.5644921605
 43.0689655172 4.9563742715 0.5868486518
 43.0689655172 5.2576638085 0.6180344147
 43.0689655172 5.5268759765 0.6501609790
 43.0689655172 5.7599298933 0.6688832254
 43.0689655172 5.9532929391 0.6823025059
 43.0689655172 6.1040346391 0.6863059253
 43.0689655172 6.2098728543 0.6898405427
 43.0689655172 6.2692271161 0.6897919621
 46.2445303676 0.0139581911 0.7018755983
 46.2445303676 0.0733124529 0.7028997759
 46.2445303676 0.1791506681 0.7036179369
 46.2445303676 0.3298923680 0.6998213758
 46.2445303676 0.5232554139 0.6905184538
 46.2445303676 0.7563093307 0.6588048321
 46.2445303676 1.0255214987 0.6286783148
 46.2445303676 1.3268110357 0.5999013662
 46.2445303676 1.6556107474 0.5799545473
 46.2445303676 2.0069363910 0.5891776879
 46.2445303676 2.3754622432 0.6007275673
 46.2445303676 2.7556018379 0.5925992986
 46.2445303676 3.1415926536 0.6197847025
 46.2445303676 3.5275834693 0.6000628141
 46.2445303676 3.9077230639 0.5838886069
 46.2445303676 4.2762489162 0.5734937252
 46.2445303676 4.6275745598 0.5777456386
 46.2445303676 4.9563742715 0.6000191783
 46.2445303676 5.2576638085 0.6309953009
 46.2445303676 5.5268759765 0.6623158810
 46.2445303676 5.7599298933 0.6801825066
 46.2445303676 5.9532929391 0.6929331950
 46.2445303676 6.1040346391 0.6967032691
 46.2445303676 6.2098728543 0.7001381946
 46.2445303676 6.2692271161 0.7000917735
 49.4201860960 0.0139581911 0.7120191031
 49.4201860960 0.0733124529 0.7130243553
 49.4201860960 0.1791506681 0.7137391175
 49.4201860960 0.3298923680 0.7101436919
 49.4201860960 0.5232554139 0.7010250651
 49.4201860960 0.7563093307 0.6697342737
 49.4201860960 1.0255214987 0.6404237180
 49.4201860960 1.3268110357 0.6128037546
 49.4201860960 1.6556107474 0.5935193077
 49.4201860960 2.0069363910 0.6026451917
 49.4201860960 2.3754622432 0.6136192528
 49.4201860960 2.7556018379 0.6055194357
 49.4201860960 3.1415926536 0.6325031645
 49.4201860960 3.5275834693 0.6129787817
 49.4201860960 3.9077230639 0.5969625573
 49.4201860960 4.2762489162 0.5867071614
 49.4201860960 4.6275745598 0.5906858390
 49.4201860960 4.9563742715 0.6128873181
 49.4201860960 5.2576638085 0.6436779932
 49.4201860960 5.5268759765 0.6742426182
 49.4201860960 5.7599298933 0.6913163004
 49.4201860960 5.9532929391 0.7034377506
 49.4201860960 6.1040346391 0.7069841108
 49.4201860960 6.2098728543 0.7103210395
 49.4201860960 6.2692271161 0.7102782252
 52.8287871326 0.0139581911 0.7229636514
 52.8287871326 0.0733124529 0.7239562846
 52.8287871326 0.1791506681 0.7246729038
 52.8287871326 0.3298923680 0.7213028853
 52.8287871326 0.5232554139 0.7123785803
 52.8287871326 0.7563093307 0.6814961161
 52.8287871326 1.0255214987 0.6529422647
 52.8287871326 1.3268110357 0.6264058477
 52.8287871326 1.6556107474 0.6077214892
 52.8287871326 2.0069363910 0.6167860490
 52.8287871326 2.3754622432 0.6271949320
 52.8287871326 2.7556018379 0.6191494618
 52.8287871326 3.1415926536 0.6459177417
 52.8287871326 3.5275834693 0.6265772555
 52.8287871326 3.9077230639 0.6107210800
 52.8287871326 4.2762489162 0.6006229775
 52.8287871326 4.6275745598 0.6043483935
 52.8287871326 4.9563742715 0.6265223023
 52.8287871326 5.2576638085 0.6571212943
 52.8287871326 5.5268759765 0.6869474796
 52.8287871326 5.7599298933 0.7032516499
 52.8287871326 5.9532929391 0.7147672449
 52.8287871326 6.1040346391 0.7180778660
 52.8287871326 6.2098728543 0.7213090973
 52.8287871326 6.2692271161 0.7212614163
 56.4139685196 0.0139581911 0.7319711369
 56.4139685196 0.0733124529 0.7329403440
 56.4139685196 0.1791506681 0.7336530791
 56.4139685196 0.3298923680 0.7304193739
 56.4139685196 0.5232554139 0.7216832926
 56.4139685196 0.7563093307 0.6913229026
 56.4139685196 1.0255214987 0.6635717256
 56.4139685196 1.3268110357 0.6380976108
 56.4139685196 1.6556107474 0.6200747784
 56.4139685196 2.0069363910 0.6289540696
 56.4139685196 2.3754622432 0.6388641827
 56.4139685196 2.7556018379 0.6309101971
 56.4139685196 3.1415926536 0.6573293630
 56.4139685196 3.5275834693 0.6383293438
 56.4139685196 3.9077230639 0.6227016328
 56.4139685196 4.2762489162 0.6127547773
 56.4139685196 4.6275745598 0.6162691501
 56.4139685196 4.9563742715 0.6381721090
 56.4139685196 5.2576638085 0.6683508168
 56.4139685196 5.5268759765 0.6973800763
 56.4139685196 5.7599298933 0.7130390797
 56.4139685196 5.9532929391 0.7240610965
 56.4139685196 6.1040346391 0.7272112165
 56.4139685196 6.2098728543 0.7303557611
 56.4139685196 6.2692271161 0.7303140873
 60.4329396788 0.0139581911 0.7418707765
 60.4329396788 0.0733124529 0.7428175529
 60.4329396788 0.1791506681 0.7435285546
 60.4329396788 0.3298923680 0.7404560295
 60.4329396788 0.5232554139 0.7319178184
 60.4329396788 0.7563093307 0.7021006641
 60.4329396788 1.0255214987 0.6751961169
 60.4329396788 1.3268110357 0.6508466032
 60.4329396788 1.6556107474 0.6335213535
 60.4329396788 2.0069363910 0.6422130620
 60.4329396788 2.3754622432 0.6515820790
 60.4329396788 2.7556018379 0.6437277365
 60.4329396788 3.1415926536 0.6697841093
 60.4329396788 3.5275834693 0.6511397513
 60.4329396788 3.9077230639 0.6357556495
 60.4329396788 4.2762489162 0.6259659660
 60.4329396788 4.6275745598 0.6292521516
 60.4329396788 4.9563742715 0.6508916504
 60.4329396788 5.2576638085 0.6806303990
 60.4329396788 5.5268759765 0.7088095706
 60.4329396788 5.7599298933 0.7237815104
 60.4329396788 5.9532929391 0.7342798405
 60.4329396788 6.1040346391 0.7372517987
 60.4329396788 6.2098728543 0.7402994655
 60.4329396788 6.2692271161 0.7402607138
 65.0036211627 0.0139581911 0.7534302472
 65.0036211627 0.0733124529 0.7543561422
 65.0036211627 0.1791506681 0.7550659137
 65.0036211627 0.3298923680 0.7521771924
 65.0036211627 0.5232554139 0.7438479018
 65.0036211627 0.7563093307 0.7145521647
 65.0036211627 1.0255214987 0.6885048618
 65.0036211627 1.3268110357 0.6653550080
 65.0036211627 1.6556107474 0.6487538239
 65.0036211627 2.0069363910 0.6572641408
 65.0036211627 2.3754622432 0.6660350864
 65.0036211627 2.7556018379 0.6582975440
 65.0036211627 3.1415926536 0.6839876130
 65.0036211627 3.5275834693 0.6657101856
 65.0036211627 3.9077230639 0.6505598659
 65.0036211627 4.2762489162 0.6409524844
 65.0036211627 4.6275745598 0.6440067285
 65.0036211627 4.9563742715 0.6654049341
 65.0036211627 5.2576638085 0.6946955241
 65.0036211627 5.5268759765 0.7219772144
 65.0036211627 5.7599298933 0.7362384765
 65.0036211627 5.9532929391 0.7461904789
 65.0036211627 6.1040346391 0.7489654014
 65.0036211627 6.2098728543 0.7519057956
 65.0036211627 6.2692271161 0.7518686950
 70.7236129079 0.0139581911 0.7650686493
 70.7236129079 0.0733124529 0.7659633937
 70.7236129079 0.1791506681 0.7666659863
 70.7236129079 0.3298923680 0.7639800280
 70.7236129079 0.5232554139 0.7559030794
 70.7236129079 0.7563093307 0.7273672142
 70.7236129079 1.0255214987 0.7024273006
 70.7236129079 1.3268110357 0.6806733566
 70.7236129079 1.6556107474 0.6649459464
 70.7236129079 2.0069363910 0.6732197349
 70.7236129079 2.3754622432 0.6813343339
 70.7236129079 2.7556018379 0.6737155069
 70.7236129079 3.1415926536 0.6989165076
 70.7236129079 3.5275834693 0.6810859230
 70.7236129079 3.9077230639 0.6662773391
 70.7236129079 4.2762489162 0.6568670002
 70.7236129079 4.6275745598 0.6596183209
 70.7236129079 4.9563742715 0.6806537237
 70.7236129079 5.2576638085 0.7093811042
 70.7236129079 5.5268759765 0.7355995483
 70.7236129079 5.7599298933 0.7489684336
 70.7236129079 5.9532929391 0.7582383704
 70.7236129079 6.1040346391 0.7607846389
 70.7236129079 6.2098728543 0.7636006874
 70.7236129079 6.2692271161 0.7635685746
 77.0569634778 0.0139581911 0.7777474928
 77.0569634778 0.0733124529 0.7786138315
 77.0569634778 0.1791506681 0.7793050890
 77.0569634778 0.3298923680 0.7768202175
 77.0569634778 0.5232554139 0.7690034228
 77.0569634778 0.7563093307 0.7411680005
 77.0569634778 1.0255214987 0.7172406703
 77.0569634778 1.3268110357 0.6968063237
 77.0569634778 1.6556107474 0.6818761477
 77.0569634778 2.0069363910 0.6899432644
 77.0569634778 2.3754622432 0.6974186901
 77.0569634778 2.7556018379 0.6899571557
 77.0569634778 3.1415926536 0.7146387183
 77.0569634778 3.5275834693 0.6972405827
 77.0569634778 3.9077230639 0.6827484494
 77.0569634778 4.2762489162 0.6735843490
 77.0569634778 4.6275745598 0.6760820439
 77.0569634778 4.9563742715 0.6967738274
 77.0569634778 5.2576638085 0.7249355491
 77.0569634778 5.5268759765 0.7501341553
 77.0569634778 5.7599298933 0.7626771029
 77.0569634778 5.9532929391 0.7713201677
 77.0569634778 6.1040346391 0.7736446112
 77.0569634778 6.2098728543 0.7763358130
 77.0569634778 6.2692271161 0.7763046469
 83.7453094019 0.0139581911 0.7878585473
 83.7453094019 0.0733124529 0.7886940647
 83.7453094019 0.1791506681 0.7893749042
 83.7453094019 0.3298923680 0.7870406297
 83.7453094019 0.5232554139 0.7794742254
 83.7453094019 0.7563093307 0.7524655272
 83.7453094019 1.0255214987 0.7295391249
 83.7453094019 1.3268110357 0.7102752625
 83.7453094019 1.6556107474 0.6961171353
 83.7453094019 2.0069363910 0.7039024003
 83.7453094019 2.3754622432 0.7108505946
 83.7453094019 2.7556018379 0.7035781961
 83.7453094019 3.1415926536 0.7276307016
 83.7453094019 3.5275834693 0.7107726808
 83.7453094019 3.9077230639 0.6966735544
 83.7453094019 4.2762489162 0.6877352004
 83.7453094019 4.6275745598 0.6900145991
 83.7453094019 4.9563742715 0.7101821805
 83.7453094019 5.2576638085 0.7376011069
 83.7453094019 5.5268759765 0.7617864475
 83.7453094019 5.7599298933 0.7736407788
 83.7453094019 5.9532929391 0.7817645460
 83.7453094019 6.1040346391 0.7839252178
 83.7453094019 6.2098728543 0.7865024941
 83.7453094019 6.2692271161 0.7864749238
 90.6810321249 0.0139581911 0.7981003637
 90.6810321249 0.0733124529 0.7989056360
 90.6810321249 0.1791506681 0.7995740958
 90.6810321249 0.3298923680 0.7973874074
 90.6810321249 0.5232554139 0.7900616640
 90.6810321249 0.7563093307 0.7638203016
 90.6810321249 1.0255214987 0.7418468643
 90.6810321249 1.3268110357 0.7237221242
 90.6810321249 1.6556107474 0.7103000895
 90.6810321249 2.0069363910 0.7178256402
 90.6810321249 2.3754622432 0.7242522001
 90.6810321249 2.7556018379 0.7171654570
 90.6810321249 3.1415926536 0.7406190566
 90.6810321249 3.5275834693 0.7242707289
 90.6810321249 3.9077230639 0.7105384837
 90.6810321249 4.2762489162 0.7018280906
 90.6810321249 4.6275745598 0.7039014436
 90.6810321249 4.9563742715 0.7235808285
 90.6810321249 5.2576638085 0.7503036026
 90.6810321249 5.5268759765 0.7735209294
 90.6810321249 5.7599298933 0.7847106071
 90.6810321249 5.9532929391 0.7923313262
 90.6810321249 6.1040346391 0.7943312054
 90.6810321249 6.2098728543 0.7967974486
 90.6810321249 6.2692271161 0.7967732254
 97.8975246361 0.0139581911 0.8083065283
 97.8975246361 0.0733124529 0.8090833406
 97.8975246361 0.1791506681 0.8097376794
 97.8975246361 0.3298923680 0.8077017775
 97.8975246361 0.5232554139 0.8006078103
 97.8975246361 0.7563093307 0.7750746422
 97.8975246361 1.0255214987 0.7539989521
 97.8975246361 1.3268110357 0.7369610673
 97.8975246361 1.6556107474 0.7242288513
 97.8975246361 2.0069363910 0.7315277025
 97.8975246361 2.3754622432 0.7374484369
 97.8975246361 2.7556018379 0.7305318593
 97.8975246361 3.1415926536 0.7534294858
 97.8975246361 3.5275834693 0.7375332592
 97.8975246361 3.9077230639 0.7241368118
 97.8975246361 4.2762489162 0.7156509398
 97.8975246361 4.6275745598 0.7175279438
 97.8975246361 4.9563742715 0.7367871596
 97.8975246361 5.2576638085 0.7628851837
 97.8975246361 5.5268759765 0.7851925259
 97.8975246361 5.7599298933 0.7957308002
 97.8975246361 5.9532929391 0.8028619812
 97.8975246361 6.1040346391 0.8046952043
 97.8975246361 6.2098728543 0.8070543917
 97.8975246361 6.2692271161 0.8070317174
105.4344733230 0.0139581911 0.8162869961
105.4344733230 0.0733124529 0.8170368571
105.4344733230 0.1791506681 0.8176763798
105.4344733230 0.3298923680 0.8157453792
105.4344733230 0.5232554139 0.8088743127
105.4344733230 0.7563093307 0.7840897614
105.4344733230 1.0255214987 0.7638097882
105.4344733230 1.3268110357 0.7476379372
105.4344733230 1.6556107474 0.7354865620
105.4344733230 2.0069363910 0.7425428850
105.4344733230 2.3754622432 0.7480866386
105.4344733230 2.7556018379 0.7413684660
105.4344733230 3.1415926536 0.7636436944
105.4344733230 3.5275834693 0.7482365953
105.4344733230 3.9077230639 0.7352046700
105.4344733230 4.2762489162 0.7269447813
105.4344733230 4.6275745598 0.7286817340
105.4344733230 4.9563742715 0.7474211496
105.4344733230 5.2576638085 0.7728129152
105.4344733230 5.5268759765 0.7943038487
105.4344733230 5.7599298933 0.8043397397
105.4344733230 5.9532929391 0.8110963229
105.4344733230 6.1040346391 0.8128176733
105.4344733230 6.2098728543 0.8150823715
105.4344733230 6.2692271161 0.8150611765
113.3394138844 0.0139581911 0.8244327197
113.3394138844 0.0733124529 0.8251563863
113.3394138844 0.1791506681 0.8257801550
113.3394138844 0.3298923680 0.8239589048
113.3394138844 0.5232554139 0.8173009682
113.3394138844 0.7563093307 0.7932323722
113.3394138844 1.0255214987 0.7737301156
113.3394138844 1.3268110357 0.7584193462
113.3394138844 1.6556107474 0.7468406840
113.3394138844 2.0069363910 0.7536633058
113.3394138844 2.3754622432 0.7588227115
113.3394138844 2.7556018379 0.7522976841
113.3394138844 3.1415926536 0.7739771828
113.3394138844 3.5275834693 0.7590434285
113.3394138844 3.9077230639 0.7463623487
113.3394138844 4.2762489162 0.7383218351
113.3394138844 4.6275745598 0.7399194269
113.3394138844 4.9563742715 0.7581667641
113.3394138844 5.2576638085 0.7828783971
113.3394138844 5.5268759765 0.8035661696
113.3394138844 5.7599298933 0.8131089213
113.3394138844 5.9532929391 0.8194968308
113.3394138844 6.1040346391 0.8211026873
113.3394138844 6.2098728543 0.8232737126
113.3394138844 6.2692271161 0.8232546010
121.6697728549 0.0139581911 0.8323685868
121.6697728549 0.0733124529 0.8330677475
121.6697728549 0.1791506681 0.8336772834
121.6697728549 0.3298923680 0.8319680965
121.6697728549 0.5232554139 0.8255210152
121.6697728549 0.7563093307 0.8021527276
121.6697728549 1.0255214987 0.7834119998
121.6697728549 1.3268110357 0.7689353469
121.6697728549 1.6556107474 0.7579085005
121.6697728549 2.0069363910 0.7645140635
121.6697728549 2.3754622432 0.7693047960
121.6697728549 2.7556018379 0.7629587705
121.6697728549 3.1415926536 0.7840616546
121.6697728549 3.5275834693 0.7695757149
121.6697728549 3.9077230639 0.7572376373
121.6697728549 4.2762489162 0.7494124035
121.6697728549 4.6275745598 0.7508689262
121.6697728549 4.9563742715 0.7686502336
121.6697728549 5.2576638085 0.7927135359
121.6697728549 5.5268759765 0.8126249574
121.6697728549 5.7599298933 0.8216751480
121.6697728549 5.9532929391 0.8276897979
121.6697728549 6.1040346391 0.8291763394
121.6697728549 6.2098728543 0.8312555633
121.6697728549 6.2692271161 0.8312365993
130.4955812688 0.0139581911 0.8396559922
130.4955812688 0.0733124529 0.8403307089
130.4955812688 0.1791506681 0.8409282664
130.4955812688 0.3298923680 0.8393062777
130.4955812688 0.5232554139 0.8330631764
130.4955812688 0.7563093307 0.8104059386
130.4955812688 1.0255214987 0.7923981153
130.4955812688 1.3268110357 0.7787005619
130.4955812688 1.6556107474 0.7682136587
130.4955812688 2.0069363910 0.7745749425
130.4955812688 2.3754622432 0.7790331156
130.4955812688 2.7556018379 0.7728817057
130.4955812688 3.1415926536 0.7933865710
130.4955812688 3.5275834693 0.7793926209
130.4955812688 3.9077230639 0.7674112415
130.4955812688 4.2762489162 0.7597963952
130.4955812688 4.6275745598 0.7611373649
130.4955812688 4.9563742715 0.7783936761
130.4955812688 5.2576638085 0.8017302663
130.4955812688 5.5268759765 0.8208590918
130.4955812688 5.7599298933 0.8294813070
130.4955812688 5.9532929391 0.8351891246
130.4955812688 6.1040346391 0.8365876640
130.4955812688 6.2098728543 0.8385842809
130.4955812688 6.2692271161 0.8385687470
139.9031336236 0.0139581911 0.8471993538
139.9031336236 0.0733124529 0.8478502004
139.9031336236 0.1791506681 0.8484357447
139.9031336236 0.3298923680 0.8469094295
139.9031336236 0.5232554139 0.8408682223
139.9031336236 0.7563093307 0.8189030442
139.9031336236 1.0255214987 0.8016278341
139.9031336236 1.3268110357 0.7887192458
139.9031336236 1.6556107474 0.7787718435
139.9031336236 2.0069363910 0.7848988296
139.9031336236 2.3754622432 0.7890149294
139.9031336236 2.7556018379 0.7830518452
139.9031336236 3.1415926536 0.8029762907
139.9031336236 3.5275834693 0.7894585340
139.9031336236 3.9077230639 0.7778259589
139.9031336236 4.2762489162 0.7704195781
139.9031336236 4.6275745598 0.7716389621
139.9031336236 4.9563742715 0.7883957589
139.9031336236 5.2576638085 0.8110312636
139.9031336236 5.5268759765 0.8293803286
139.9031336236 5.7599298933 0.8375658024
139.9031336236 5.9532929391 0.8429550999
139.9031336236 6.1040346391 0.8442563355
139.9031336236 6.2098728543 0.8461695840
139.9031336236 6.2692271161 0.8461559108
150.0000000000 0.0139581911 0.8540375159
150.0000000000 0.0733124529 0.8546651945
150.0000000000 0.1791506681 0.8552373791
150.0000000000 0.3298923680 0.8537950672
150.0000000000 0.5232554139 0.8479489598
150.0000000000 0.7563093307 0.8266440066
150.0000000000 1.0255214987 0.8100396055
150.0000000000 1.3268110357 0.7978324603
150.0000000000 1.6556107474 0.7883656072
150.0000000000 2.0069363910 0.7942806125
150.0000000000 2.3754622432 0.7981002614
150.0000000000 2.7556018379 0.7923169727
150.0000000000 3.1415926536 0.8116791021
150.0000000000 3.5275834693 0.7985941303
150.0000000000 3.9077230639 0.7872869555
150.0000000000 4.2762489162 0.7800895569
150.0000000000 4.6275745598 0.7812083337
150.0000000000 4.9563742715 0.7974967853
150.0000000000 5.2576638085 0.8194781719
150.0000000000 5.5268759765 0.8371164233
150.0000000000 5.7599298933 0.8448953010
150.0000000000 5.9532929391 0.8499939329
150.0000000000 6.1040346391 0.8512098891
150.0000000000 6.2098728543 0.8530463047
150.0000000000 6.2692271161 0.8530348088
